	sequences per sample	iteration	515rcbc12	515rcbc21	515rcbc17	515rcbc34	515rcbc33	515rcbc31	515rcbc15	515rcbc26	515rcbc22	515rcbc37	515rcbc24	515rcbc18	515rcbc35	515rcbc11	515rcbc27	515rcbc13	515rcbc23	515rcbc32	515rcbc16	515rcbc19	515rcbc9	515rcbc30	515rcbc28	515rcbc29	515rcbc14	515rcbc10	515rcbc8	515rcbc25	515rcbc36
alpha_rarefaction_10_0.txt	10	0	55.0	55.0	55.0	23.0	23.0	55.0	55.0	23.0	55.0	55.0	55.0	55.0	55.0	55.0	55.0	55.0	23.0	55.0	23.0	55.0	55.0	55.0	55.0	55.0	23.0	23.0	55.0	23.0	55.0
alpha_rarefaction_10_1.txt	10	1	23.0	55.0	55.0	23.0	55.0	23.0	55.0	55.0	55.0	55.0	55.0	55.0	12.0	55.0	55.0	55.0	55.0	55.0	23.0	55.0	23.0	23.0	13.0	23.0	55.0	55.0	55.0	55.0	55.0
alpha_rarefaction_10_2.txt	10	2	55.0	23.0	55.0	55.0	55.0	55.0	55.0	55.0	55.0	55.0	55.0	55.0	55.0	55.0	55.0	55.0	55.0	23.0	55.0	55.0	23.0	23.0	55.0	23.0	55.0	55.0	55.0	55.0	55.0
alpha_rarefaction_10_3.txt	10	3	23.0	55.0	55.0	23.0	23.0	55.0	55.0	55.0	55.0	55.0	55.0	55.0	55.0	55.0	55.0	55.0	55.0	55.0	23.0	55.0	55.0	55.0	55.0	55.0	55.0	55.0	55.0	23.0	23.0
alpha_rarefaction_10_4.txt	10	4	23.0	55.0	55.0	55.0	23.0	23.0	55.0	55.0	55.0	55.0	55.0	23.0	22.0	55.0	55.0	23.0	55.0	55.0	55.0	55.0	55.0	29.0	13.0	55.0	23.0	29.0	55.0	55.0	55.0
alpha_rarefaction_10_5.txt	10	5	55.0	55.0	55.0	55.0	55.0	55.0	55.0	55.0	55.0	55.0	55.0	23.0	29.0	55.0	55.0	55.0	55.0	23.0	55.0	55.0	23.0	23.0	55.0	55.0	55.0	55.0	55.0	55.0	13.0
alpha_rarefaction_10_6.txt	10	6	55.0	55.0	55.0	55.0	55.0	55.0	55.0	23.0	23.0	55.0	55.0	23.0	55.0	23.0	55.0	55.0	55.0	55.0	23.0	23.0	55.0	55.0	23.0	55.0	55.0	55.0	55.0	23.0	55.0
alpha_rarefaction_10_7.txt	10	7	55.0	55.0	55.0	55.0	55.0	29.0	23.0	55.0	55.0	55.0	55.0	55.0	55.0	29.0	23.0	55.0	23.0	55.0	23.0	55.0	55.0	55.0	55.0	55.0	55.0	55.0	13.0	29.0	23.0
alpha_rarefaction_10_8.txt	10	8	55.0	55.0	13.0	55.0	55.0	55.0	55.0	23.0	55.0	23.0	55.0	55.0	23.0	23.0	55.0	23.0	55.0	23.0	55.0	55.0	55.0	55.0	23.0	55.0	22.0	55.0	55.0	23.0	55.0
alpha_rarefaction_10_9.txt	10	9	55.0	55.0	55.0	55.0	23.0	55.0	55.0	55.0	55.0	55.0	55.0	55.0	55.0	13.0	55.0	55.0	55.0	55.0	29.0	23.0	55.0	55.0	55.0	55.0	55.0	23.0	23.0	55.0	55.0
alpha_rarefaction_3409_0.txt	3409	0	2101.50943396	1563.59285714	1816.79640719	1681.18120805	1886.08227848	1747.25555556	1638.17391304	1521.625	1736.45098039	1866.20338983	1725.01796407	1697.16393443	1720.22147651	1947.98265896	1642.85714286	1540.74213836	1910.43712575	1485.27516779	1790.02538071	1958.01363636	1795.03529412	1729.33950617	1645.88829787	1697.85294118	1566.25396825	1573.56818182	1867.93491124	1587.61267606	1660.13475177
alpha_rarefaction_3409_1.txt	3409	1	1846.61413043	1578.76433121	1865.89240506	1696.9125	1746.55747126	1743.1741573	1733.16969697	1656.95934959	1708.06875	1837.11111111	1851.51204819	1797.05847953	1662.48076923	1845.31481481	1750.40331492	1706.46153846	1807.54491018	1490.25280899	1864.6779661	2144.48148148	1794.89285714	1943.21374046	1777.80555556	1799.25728155	1606.15168539	1702.00613497	1807.05128205	1514.15942029	1447.88549618
alpha_rarefaction_3409_2.txt	3409	2	1854.00595238	1401.5625	1748.16766467	1565.45283019	1810.86503067	1835.01639344	1604.0	1606.44295302	1628.89156627	1899.22413793	1820.98823529	1817.0	1668.31506849	2081.75	1744.32065217	1441.40677966	1998.03012048	1642.67948718	1795.83606557	2024.57352941	1775.58659218	1610.84375	1773.66298343	1901.34969325	1655.20571429	1666.59259259	1784.96875	1427.06060606	1447.41666667
alpha_rarefaction_3409_3.txt	3409	3	1749.21621622	1584.71428571	1808.17283951	1749.61935484	1749.12	1791.92432432	1713.11643836	1531.36423841	1779.16568047	2148.96875	1694.95348837	1698.04819277	1641.64583333	2010.04790419	2006.40740741	1619.52	1887.0862069	1595.1626506	1805.08290155	2106.655	1767.03508772	1742.00689655	1838.41509434	1943.11111111	1557.69375	1698.91772152	1722.38461538	1589.94594595	1384.61363636
alpha_rarefaction_3409_4.txt	3409	4	1784.67875648	1584.50666667	1774.5801105	1673.95918367	1677.39893617	1813.95263158	1463.20224719	1568.8	1651.24590164	2018.41954023	1788.51785714	1803.0877193	1708.70198675	1928.03636364	1864.65030675	1617.85882353	1801.875	1732.24	1847.98404255	1931.6	1810.03351955	1899.99337748	1798.53846154	1926.79891304	1492.9726776	1629.89156627	1930.48795181	1482.28846154	1511.47142857
alpha_rarefaction_3409_5.txt	3409	5	2145.63461538	1604.23913043	1911.51948052	1542.09868421	2176.1048951	1660.04477612	1581.04294479	1556.27272727	1648.0239521	2058.88108108	1670.16	1789.04402516	1581.25694444	2069.20441989	1865.30120482	1678.29032258	1717.41145833	1424.92727273	1723.80487805	2079.82673267	1730.6	1734.55319149	1616.71578947	1753.44723618	1718.50595238	1749.95530726	2007.14814815	1493.91275168	1620.07142857
alpha_rarefaction_3409_6.txt	3409	6	2035.33333333	1525.52830189	1610.75	1595.35031847	1816.20571429	1797.8	1628.0877193	1483.8757764	1556.55376344	1771.26395939	1683.16766467	1728.34659091	1570.34591195	1821.50561798	1641.45303867	1468.77653631	1755.05882353	1673.37179487	1810.45614035	1793.31196581	1934.00649351	1867.04081633	1729.12179487	1846.11111111	1738.5872093	1568.36683417	1849.51630435	1508.74324324	1465.38095238
alpha_rarefaction_3409_7.txt	3409	7	2155.90853659	1326.22155689	1712.35483871	1590.16167665	1818.98823529	1740.55434783	1728.0617284	1381.31756757	1613.07594937	1956.23809524	1944.24489796	1805.93442623	1859.1025641	1796.14814815	1854.19767442	1542.8852459	1848.65909091	1594.03424658	1896.75138122	1929.09708738	1719.67708333	1874.95918367	1746.77595628	1957.98305085	1702.5	2076.87704918	1804.56994819	1426.82467532	1648.97580645
alpha_rarefaction_3409_8.txt	3409	8	1709.82142857	1594.13548387	1719.01796407	1616.53797468	1807.73529412	1800.43455497	1695.16766467	1624.83916084	1845.56097561	1940.24725275	1815.60479042	1635.92857143	1394.53107345	1759.56060606	1615.16489362	1528.60571429	1942.47305389	1688.35483871	1851.5	1802.62666667	1644.12182741	1830.94303797	1742.01796407	1967.84269663	1649.875	1773.92727273	1891.0199005	1424.65088757	1530.62043796
alpha_rarefaction_3409_9.txt	3409	9	1961.23809524	1585.91911765	1752.57142857	1386.42011834	1818.02298851	1968.33707865	1694.86363636	1481.41509434	1646.78571429	1839.08287293	1844.09659091	1770.01754386	1619.04081633	1943.77094972	1930.22360248	1452.38596491	1895.57714286	1584.55555556	1796.90954774	2004.66350711	1821.4	1860.85135135	1796.32926829	1649.51351351	1645.56382979	1790.09375	1920.15217391	1554.58227848	1512.91911765
alpha_rarefaction_6808_0.txt	6808	0	2391.57480315	1819.91943128	2143.4063745	2053.84688995	2247.58333333	2350.42105263	1933.98076923	1990.61458333	1900.94067797	2407.34686347	2273.48401826	2229.42666667	2180.99528302	2215.2519084	2163.22321429	1978.88209607	2378.16593886	2023.33802817	2265.33695652	2351.22535211	2243.82608696	2300.70386266	2146.06578947	2532.69067797	1999.95081967	2072.25550661	2298.06614786	1839.16062176	1968.07692308
alpha_rarefaction_6808_1.txt	6808	1	2443.31196581	1960.66513761	2231.42307692	2032.0	2128.37974684	2267.31983806	2086.1	2166.32335329	2266.48130841	2436.48854962	2241.24267782	2142.26829268	2200.07246377	2219.70037453	2185.44117647	1944.58951965	2268.34599156	2049.33802817	2231.60852713	2630.0984252	2156.50980392	2287.05309735	2238.20600858	2466.53688525	2014.89958159	2247.06603774	2099.8	1941.18324607	1892.10714286
alpha_rarefaction_6808_2.txt	6808	2	2403.2	1965.11386139	2372.49763033	2195.10526316	2417.15566038	2378.91304348	2232.0	1965.8972973	2202.56223176	2539.27615063	2174.61382114	2294.57142857	2251.16666667	2295.01219512	2276.79411765	2074.44711538	2414.14150943	2124.83333333	2155.16487455	2552.58181818	2090.34408602	2269.44827586	2149.36290323	2429.51948052	2139.09589041	2099.75	2143.29209622	1959.94029851	1840.85915493
alpha_rarefaction_6808_3.txt	6808	3	2513.09767442	1846.88785047	2062.38846154	2180.34196891	2420.18779343	2140.19491525	2121.44394619	1845.82142857	2070.02521008	2440.74509804	2220.23849372	2349.20779221	2171.30396476	2366.03703704	2189.4254386	1952.07009346	2314.12765957	1922.38207547	2367.23843416	2466.53068592	2262.07692308	2353.06849315	2138.48101266	2541.50996016	2045.625	2272.37962963	2349.90836653	2138.24309392	2076.09944751
alpha_rarefaction_6808_4.txt	6808	4	2644.54166667	1998.20512821	2500.53080569	2314.52061856	2270.53968254	2382.67588933	2229.64285714	1897.96059113	2014.76419214	2390.96551724	2091.61570248	2202.9790795	2017.06849315	2204.584	2200.92430279	1893.10606061	2280.45454545	2082.2974359	2249.5	2449.0	2167.77380952	2283.91631799	2239.98591549	2208.86842105	2201.24770642	2153.85897436	2284.62641509	2008.24757282	1973.17040359
alpha_rarefaction_6808_5.txt	6808	5	2322.27667984	1868.39393939	2324.54794521	2089.73611111	2128.52966102	2244.61065574	2025.75	1824.01442308	2256.50490196	2567.69506726	2218.41704036	2232.3253012	2128.82692308	2410.25	2324.21551724	1849.0472103	2405.2625	1856.04347826	2373.27099237	2377.40925267	2272.99606299	2211.04115226	2241.38793103	2243.79770992	2217.09333333	2207.78414097	2382.344	1940.0	1966.79274611
alpha_rarefaction_6808_6.txt	6808	6	2573.9380531	2122.09467456	2249.11587983	2227.68584071	2253.2007722	2211.30416667	2084.37674419	1830.18181818	2024.21848739	2520.02575107	2225.1627907	2357.14479638	2109.578125	2378.958159	2045.66521739	1877.3125	2483.84761905	2067.89908257	2277.03816794	2409.98943662	2053.11067194	2277.56	2283.26431718	2312.95330739	1993.06329114	2012.01298701	2244.26153846	2197.67241379	1953.50543478
alpha_rarefaction_6808_7.txt	6808	7	2332.17154812	1805.33009709	2207.88841202	2059.73658537	2243.06048387	2252.0	2070.88412017	1859.45049505	1988.06896552	2570.75954198	2233.04048583	2305.5787234	2080.38834951	2417.74688797	2236.46938776	1875.60352423	2282.94491525	2044.93846154	2230.02222222	2479.95955882	2299.25104603	2355.63255814	2234.22457627	2416.12977099	2054.94736842	2094.86343612	2146.86813187	1923.00505051	2012.60301508
alpha_rarefaction_6808_8.txt	6808	8	2430.0	1705.74672489	2289.84120172	2078.20833333	2136.41796875	2346.26506024	2090.45945946	1893.55721393	1988.97991968	2464.484375	2368.02739726	2203.5204918	2153.73205742	2356.96202532	2187.27272727	2009.5631068	2400.13270142	1997.66363636	2242.52851711	2439.88448845	2279.67073171	2277.35585586	2128.4254386	2444.98832685	2109.27947598	2249.51485149	2120.88652482	1760.88235294	1994.0052356
alpha_rarefaction_6808_9.txt	6808	9	2301.34552846	1754.81192661	2299.00478469	2297.89949749	2186.07949791	2185.75581395	2023.22966507	1928.11386139	2246.2173913	2528.5	2160.65560166	2198.0	2037.44545455	2346.01176471	2336.70292887	1892.83783784	2245.71984436	2085.01515152	2353.89090909	2390.75	2143.312	2273.04329004	2141.39534884	2663.34322034	2088.67699115	2139.89754098	2282.38432836	1897.59459459	2079.68108108
alpha_rarefaction_10207_0.txt	10207	0	2934.01140684	2218.67699115	2660.06185567	2467.48305085	2608.22180451	2387.81052632	2276.39754098	2307.34210526	2472.2244898	2586.03164557	2415.70103093	2419.12631579	2423.08139535	2418.84210526	2425.29739777	2286.632287	2664.79310345	2191.85020243	2858.53703704	3033.53177258	2348.88808664	2509.93584906	2531.53358209	2777.1025641	2450.25	2521.59340659	2597.10423453	2245.03797468	2165.55172414
alpha_rarefaction_10207_1.txt	10207	1	2736.59271523	2087.81707317	2665.57480315	2464.28947368	2462.46925566	2598.48763251	2258.02352941	2206.46766169	2308.20754717	2652.19536424	2458.5087108	2550.76655052	2327.00408163	2586.35275081	2444.0	2068.85950413	2662.93065693	2289.28979592	2720.08965517	2938.03040541	2405.85920578	2527.77289377	2521.45172414	2824.70895522	2166.1443662	2539.23481781	2545.83653846	2295.72815534	2145.25301205
alpha_rarefaction_10207_2.txt	10207	2	3006.33090909	2148.33333333	2578.33703704	2289.08273381	2592.87676056	2678.96466431	2248.27272727	2109.61825726	2429.1023622	2579.59133127	2659.6	2457.41946309	2400.41791045	2519.1910828	2379.47014925	2158.2406015	2640.18345324	2336.9	2696.03401361	2867.05154639	2419.26829268	2623.03053435	2520.98106061	2703.4601227	2408.68421053	2577.04744526	2789.01030928	2075.76315789	2045.082397
alpha_rarefaction_10207_3.txt	10207	3	2934.50557621	1994.29460581	2642.83397683	2432.50632911	2678.95419847	2593.8490566	2296.79622642	2180.06849315	2410.17131474	2734.84782609	2707.59143969	2534.37638376	2371.24050633	2565.24242424	2408.35531136	2306.76293103	2550.66433566	2352.2112069	2604.55254237	2901.99683544	2643.47368421	2654.61752988	2699.82231405	2980.07241379	2301.56640625	2430.82352941	2592.55254237	2143.06896552	2150.04065041
alpha_rarefaction_10207_4.txt	10207	4	2773.65357143	2110.95652174	2528.11111111	2297.61678832	2384.87248322	2486.60137457	2266.70042194	2303.26635514	2336.10035842	2669.96363636	2580.51086957	2555.78571429	2504.16438356	2734.97794118	2343.17045455	2153.03187251	2700.45849802	2174.3373494	2686.03960396	2882.09836066	2384.51803279	2655.75954198	2578.12177122	3093.66423358	2223.48972603	2377.29166667	2559.98293515	2111.64	2155.50199203
alpha_rarefaction_10207_5.txt	10207	5	2666.24675325	2216.87068966	2587.60526316	2430.43612335	2626.80970149	2521.62068966	2371.30952381	2386.0	2681.68965517	2645.07615894	2591.45993031	2634.67790262	2565.14285714	2612.87234043	2436.10780669	2266.45384615	2692.45762712	2476.66382979	2578.01935484	2763.75	2630.05791506	2943.75336323	2541.21132075	2763.25986842	2344.77307692	2612.5210728	2610.09427609	2093.82773109	2179.82857143
alpha_rarefaction_10207_6.txt	10207	6	2640.5979021	2110.375	2592.42857143	2461.63967611	2684.57352941	2545.36206897	2360.88235294	2181.45652174	2396.07630522	2737.50324675	2549.65263158	2585.05244755	2355.07142857	2546.90333333	2423.38461538	2096.55511811	2730.86746988	2328.88841202	2608.98924731	2859.09006211	2487.19791667	2492.11111111	2462.12099644	2759.46153846	2273.0077821	2550.33703704	2580.12703583	2192.73387097	2319.24347826
alpha_rarefaction_10207_7.txt	10207	7	2789.61484099	2149.20444444	2576.35606061	2508.33333333	2568.08178439	2624.51567944	2444.421875	2333.38990826	2363.4795539	2605.78678679	2572.07865169	2515.89716312	2291.73090909	2672.45762712	2443.29323308	2209.38325991	2666.32631579	2293.62256809	2646.53401361	2643.002849	2471.75958188	2729.25482625	2582.14339623	2964.17021277	2182.16104869	2580.59459459	2630.20819113	2255.32627119	2141.25
alpha_rarefaction_10207_8.txt	10207	8	2708.95904437	2445.68020305	2454.13207547	2312.12781955	2665.34432234	2570.80357143	2432.5625	2424.10047847	2312.00406504	2748.003367	2519.22295082	2453.47232472	2171.5620438	2747.67719298	2520.0	2168.06844106	2717.5952381	2342.51190476	2615.96116505	2749.94409938	2527.38181818	2620.54545455	2530.25362319	2751.3	2189.80487805	2734.00414938	2478.91935484	2205.69196429	2077.63432836
alpha_rarefaction_10207_9.txt	10207	9	2953.3744856	2135.56637168	2504.28888889	2238.81386861	2489.05263158	2574.2739726	2292.73563218	2435.02439024	2415.00381679	2764.38244514	2696.48275862	2610.42753623	2471.54581673	2636.75	2461.96629213	2311.75409836	2692.9588015	2292.47058824	2589.91872792	2781.62275449	2414.94623656	2768.08433735	2509.89473684	2719.0	2349.40384615	2702.35955056	2718.92	2207.17721519	2259.89121339
alpha_rarefaction_13606_0.txt	13606	0	3173.08823529	2378.94979079	2686.56363636	2691.71428571	2700.9625	2934.36971831	2521.95970696	2312.17391304	2414.38834951	2794.71052632	2748.47468354	2840.03703704	2691.07692308	2889.6	2574.84397163	2344.61837456	2757.71428571	2446.21292776	3004.40776699	3246.89820359	2706.83653846	2815.25	2821.65517241	3012.90406977	2519.17391304	2815.35460993	2699.01432665	2212.45756458	2355.60456274
alpha_rarefaction_13606_1.txt	13606	1	3021.28012048	2222.94117647	2747.11076923	2517.15384615	2702.6245614	2747.51485149	2639.92	2494.30973451	2530.98305085	2721.1519337	2759.43478261	2718.17263844	2549.12110727	2908.4	2680.2481203	2282.48507463	2848.74516129	2410.28458498	2818.6871345	3090.39044944	2614.81758958	2893.85173502	2731.16981132	3141.00923077	2662.7896679	2886.27969349	2829.66972477	2382.72284644	2593.12350598
alpha_rarefaction_13606_2.txt	13606	2	3133.09090909	2171.10035842	2817.29166667	2648.68773234	2884.37620579	2816.62626263	2401.33333333	2342.89516129	2659.96958175	2803.18852459	2668.77850163	2532.57575758	2560.12765957	2939.55517241	2606.10163934	2358.61111111	2857.41296928	2498.75384615	2725.14782609	2981.17919075	2868.8013245	2658.64238411	2875.22680412	3163.9044586	2713.73622047	2848.79151943	2802.00934579	2245.44	2432.02491103
alpha_rarefaction_13606_3.txt	13606	3	3384.9550173	2431.44541485	2988.45555556	2590.56273764	2665.70588235	2822.07142857	2603.94642857	2469.74349442	2625.12	2984.82012195	2833.47222222	2884.68037975	2674.75789474	2868.25	2651.02439024	2383.07608696	3000.18983051	2533.64620939	2826.10759494	3251.57097792	2697.17460317	2843.12371134	2741.47297297	2995.35483871	2376.92929293	2655.04113924	2725.64166667	2428.7125	2359.66171004
alpha_rarefaction_13606_4.txt	13606	4	3060.2384106	2398.75	2908.11960133	2648.93726937	2758.0	2712.72727273	2491.86813187	2536.79237288	2470.28571429	3023.55192878	2850.34246575	2780.05333333	2600.07241379	2959.18518519	2586.54285714	2250.1	2656.00274725	2380.60638298	2885.2	2984.59162304	2813.17973856	3021.75347222	2772.84493671	3240.96091205	2440.82372881	2736.66782007	2682.73469388	2485.88837209	2420.0866426
alpha_rarefaction_13606_5.txt	13606	5	3251.80122324	2414.06225681	2767.68965517	2484.98884758	2721.18243243	2703.690625	2555.38321168	2391.06302521	2603.18478261	2959.25	2849.25	2770.65263158	2881.0	2989.23174603	2572.57718121	2280.825	2764.80511182	2458.63241107	2861.05722892	3066.25872093	2786.28378378	2766.29934211	2647.63157895	2955.4351585	2552.72183099	2788.7833935	2791.44680851	2247.64642857	2421.90405904
alpha_rarefaction_13606_6.txt	13606	6	3082.32081911	2457.67315175	2923.34875445	2756.05511811	2864.33974359	2682.11688312	2416.12857143	2488.46511628	2384.9261745	2895.68975069	2752.17460317	2774.66101695	2694.48708487	2961.68686869	2721.62	2286.40697674	2838.14018692	2464.30566038	3038.86970684	3151.89850746	2771.73571429	2810.37620579	2725.16494845	3020.49847095	2559.12068966	2792.31617647	2586.04285714	2504.65882353	2469.83703704
alpha_rarefaction_13606_7.txt	13606	7	3020.72727273	2366.74347826	2962.45756458	2604.28888889	2688.92307692	2756.66101695	2495.79151943	2507.44534413	2523.39100346	2871.53125	2680.29836066	2822.73089701	2639.07692308	2941.86688312	2581.85416667	2318.44483986	2745.87735849	2540.55725191	2794.25732899	3213.83988764	2757.23076923	2751.34210526	2618.7628866	3179.15841584	2442.38338658	2745.12080537	2725.83102493	2536.50980392	2363.22996516
alpha_rarefaction_13606_8.txt	13606	8	2962.48948949	2565.0952381	2715.48589342	2669.2	2581.92073171	3164.74204947	2567.18181818	2526.44537815	2377.0	2788.28808864	2952.26666667	2795.47636364	2756.92957746	3014.78547855	2650.7366548	2407.48496241	2808.09836066	2404.93706294	2828.16566265	3066.12857143	2741.74750831	2817.95439739	2702.24921136	3003.21019108	2567.05839416	2697.68092105	2968.40594059	2321.0952381	2203.80821918
alpha_rarefaction_13606_9.txt	13606	9	3052.82758621	2311.9561753	2772.82295082	2624.57971014	2654.84466019	2910.43911439	2534.42205323	2445.11965812	2687.83908046	3054.02839117	2683.0	2700.49006623	2656.80208333	2974.06666667	2653.52159468	2353.02352941	2783.27848101	2575.38167939	2748.29166667	3194.52923977	2707.1341853	2841.68100358	2787.25367647	3050.60869565	2464.09608541	2795.38754325	2792.26315789	2455.63218391	2305.47719298
alpha_rarefaction_17005_0.txt	17005	0	3350.09433962	2501.23157895	2987.93841642	2718.96052632	2781.44610778	2934.58988764	2821.92619926	2721.50643777	2801.81443299	3129.92329545	2858.73208723	3028.25	2623.86363636	3021.11898017	2774.97297297	2495.79591837	2802.5393586	2707.96551724	3022.57186544	3248.17127072	2923.7	3025.49038462	3011.56622517	3113.25872093	2676.25961538	2934.75328947	3003.1880597	2633.75367647	2484.64169381
alpha_rarefaction_17005_1.txt	17005	1	3331.05172414	2516.37313433	2985.88856305	2776.95876289	2815.8603352	3126.7	2629.821875	2612.164	2702.78797468	2986.72631579	2921.16923077	2895.5797546	2835.60472973	3057.56213018	2819.16612378	2409.67137809	3063.16034985	2608.81694915	3112.51724138	3324.29106628	3179.1875	3081.76510067	2971.47	3215.50143266	2778.1886121	2918.76094276	2937.95965418	2478.11764706	2527.6286645
alpha_rarefaction_17005_2.txt	17005	2	3109.0	2506.29090909	3112.80701754	2737.43816254	3006.86363636	2939.59574468	2870.44664032	2707.92217899	2666.67307692	3153.2242268	3149.87820513	3022.0738255	3092.55636364	3125.98113208	2814.58333333	2512.29616725	3002.53488372	2637.89219331	3099.30722892	3329.37398374	2812.33121019	3028.5483871	2931.16037736	2997.65289256	2735.36633663	2976.63973064	2978.38461538	2553.03773585	2437.6402439
alpha_rarefaction_17005_3.txt	17005	3	3243.00292398	2543.04115226	2997.40840841	2733.92567568	2961.50151057	2943.60909091	2791.84306569	2549.20676692	2747.66149068	3049.1509434	2905.61801242	3074.88255034	2764.02531646	2894.21875	2852.92523364	2516.75	3003.11783439	2603.80276817	3006.54178674	3342.16935484	2835.0239521	2966.759375	3000.00955414	3078.125	2791.00970874	3009.01910828	2952.50140845	2619.71428571	2537.96153846
alpha_rarefaction_17005_4.txt	17005	4	3401.66149068	2553.31958763	3037.9504644	2816.34754098	2781.53221289	3156.07407407	2699.45519713	2725.39055794	2742.32441472	3047.85714286	2804.8974359	2880.83987915	2728.55882353	3048.56195965	2915.90909091	2435.2244898	2984.47962382	2539.96441281	3225.36538462	3362.89920424	2993.03927492	3141.25333333	2989.36860068	3299.00877193	2709.43959732	2841.85220126	2885.29166667	2634.5	2418.11075949
alpha_rarefaction_17005_5.txt	17005	5	3324.71212121	2424.52901024	3114.06441718	2772.85714286	2965.63975155	2977.27444795	2700.46905537	2546.78417266	2634.66123779	3056.79575597	2980.78980892	2948.65597668	2857.58163265	3161.16975309	2859.83653846	2507.90311419	2974.38957055	2742.14035088	3105.125	3133.01030928	2877.92372881	3042.94339623	2868.64820847	3301.71084337	2653.34951456	2801.28527607	2869.1510989	2490.33941606	2486.81619938
alpha_rarefaction_17005_6.txt	17005	6	3348.19937695	2393.08487085	2936.63352273	2689.03773585	2891.46107784	3112.32907348	2731.67741935	2573.32954545	2786.33225806	3395.83035714	2887.11173184	3134.69415808	2923.09364548	3007.44510386	2922.92057762	2445.02040816	2993.60377358	2620.88888889	3008.78097983	3301.09473684	3030.17741935	2897.43975904	2913.45283019	3187.30372493	2793.47916667	2941.78205128	2939.7027027	2607.92057762	2626.0979021
alpha_rarefaction_17005_7.txt	17005	7	3286.71428571	2545.64202335	3080.2	2798.23529412	2943.76357827	3128.25742574	2775.9390681	2435.82867133	2894.73106061	3082.01749271	2856.4054878	3030.06666667	2780.12101911	3118.47619048	2790.03963415	2534.90106007	2936.16307692	2703.96363636	2948.92592593	3288.99721448	2828.90027701	2884.47277937	2959.32515337	3148.73595506	2710.46710526	3064.97627119	2913.36263736	2533.96099291	2409.003003
alpha_rarefaction_17005_8.txt	17005	8	3223.61144578	2656.49090909	3038.33870968	2886.15789474	2910.85344828	2977.23974763	2628.25762712	2624.3452381	2662.88741722	3078.01156069	2860.73480663	3123.4440678	2781.09655172	3131.315625	2723.9672619	2394.25742574	3079.12307692	2730.0035461	3202.87613293	3302.71621622	3113.31578947	2985.759375	2775.4954955	3082.99453552	2662.09904153	2820.4047619	2808.22047244	2433.34313725	2445.44267516
alpha_rarefaction_17005_9.txt	17005	9	3260.01714286	2604.82051282	3170.00923077	2686.05821918	2796.87790698	3035.51076923	2718.27852349	2565.07942238	2575.59136213	3000.67553191	2889.56213018	3034.6828479	2797.83974359	2869.0026178	2852.96917808	2615.5	3084.75	2668.45519713	3069.07865169	3326.4214876	2685.23030303	3200.16666667	2965.25986842	3042.39095745	2690.05	2877.28391167	2927.31267606	2529.96099291	2448.63444109
alpha_rarefaction_20404_0.txt	20404	0	3477.55737705	2615.72180451	3065.75067024	2865.86645963	3136.95535714	3114.86746988	2854.23397436	2801.60074627	2776.821875	3126.02512563	3048.05555556	3078.57514451	2794.5785124	3296.68481375	2844.48502994	2607.83508772	3150.13043478	2695.85910653	3175.3495935	3474.83979328	3084.48101266	3057.22535211	3129.72727273	3383.75977654	2882.65963855	3011.83636364	2990.05882353	2790.02325581	2621.56603774
alpha_rarefaction_20404_1.txt	20404	1	3684.96142433	2543.06737589	3186.01680672	2912.72147651	3077.93714286	3067.34877384	2753.60909091	2666.89824561	2825.73846154	3152.17506631	3125.9137931	3140.23192771	2905.77014925	3259.8	2850.18131868	2627.48881789	3169.97515528	2781.15878378	3302.85915493	3398.2	3144.38738739	3272.39221557	3077.846875	3524.9	2895.97106109	3082.57621951	3003.09677419	2726.93311037	2647.2324159
alpha_rarefaction_20404_2.txt	20404	2	3433.13299233	2595.71929825	3183.65616046	2795.51724138	3109.67164179	3208.88757396	2978.56989247	2796.2661597	2796.96529968	3256.87837838	3130.07977208	3013.20289855	2991.43343653	3230.16034985	3014.84039088	2536.15050167	3086.97493036	2853.82264151	3168.16034985	3456.65984655	3075.31791908	3227.78977273	3040.72804533	3478.60055866	2873.26851852	3221.4313099	2938.21138211	2781.30357143	2547.06231454
alpha_rarefaction_20404_3.txt	20404	3	3633.81360947	2649.74193548	3184.20289855	2865.70642202	3107.9009009	3249.91331269	2807.57460317	2735.88191882	2970.16666667	3168.40983607	3195.04472843	3101.37931034	2850.09037901	3134.78167116	2857.89759036	2696.83745583	3091.87603306	2745.98972603	3099.03225806	3595.42934783	2999.06686047	3258.88145897	3094.90032154	3269.85100287	2820.90553746	2966.24242424	2950.55263158	2645.93478261	2604.36363636
alpha_rarefaction_20404_4.txt	20404	4	3515.77744807	2689.0	3057.96848138	2973.74038462	3317.80124224	3280.16975309	2836.59163987	2819.8	2988.5033557	3235.78787879	3218.62613982	3226.14285714	2971.00923077	3378.22891566	2853.11801242	2748.68135593	3106.35068493	2635.66	3195.66016713	3572.83333333	3050.09659091	3111.06756757	3193.92966361	3570.44680851	2983.80536913	3176.78616352	3149.35964912	2756.41071429	2541.15759312
alpha_rarefaction_20404_5.txt	20404	5	3650.85459941	2652.62645914	3145.42666667	2807.69905956	3071.77681159	3102.55833333	2822.90553746	2613.79927007	2849.63076923	3215.74456522	2986.73900293	3109.8443804	2888.09539474	3146.67941176	2915.00923077	2584.50163934	3238.25925926	2729.20198675	3072.01511335	3419.13580247	3009.94285714	3447.1559633	3124.45337621	3409.29120879	2904.72	2994.54310345	2951.00271003	2525.9966443	2557.83641975
alpha_rarefaction_20404_6.txt	20404	6	3424.92561983	2598.12040134	3380.32615385	2834.48	3110.46788991	3340.31103679	2862.61538462	2706.13636364	2840.703125	3050.05450237	3220.25	3198.71865443	3037.33236994	3374.40909091	2973.76415094	2621.20677966	3182.69642857	2741.83757962	3441.65395894	3478.15567282	3069.78097983	3222.94524496	3135.83774834	3409.35135135	2919.18965517	3052.48101266	3078.98591549	2874.42857143	2466.81556196
alpha_rarefaction_20404_7.txt	20404	7	3468.57746479	2816.14919355	3182.22418879	2886.2172524	3064.90140845	3260.04545455	2822.28911565	2771.25357143	2644.06441718	3211.42564103	2941.62432432	3149.8125	3078.06484642	3135.0668693	2841.38392857	2783.09454545	3151.20949721	2718.7641196	3175.43396226	3491.01530612	3057.16216216	3279.48209366	2928.76368876	3461.57300275	2817.19407895	3071.55589124	2929.06282723	2644.2192691	2443.68975069
alpha_rarefaction_20404_8.txt	20404	8	3539.88515406	2547.47794118	3335.5942029	3060.73958333	3081.75806452	3383.29315961	2874.51515152	2769.40282686	2986.8	3261.216	3111.31343284	3100.81971831	3158.08282209	3319.42088608	2942.43181818	2597.68852459	3097.7270195	2673.87837838	3300.3220339	3412.60253165	2985.37082067	3147.53295129	3085.16037736	3262.8616188	2715.00573066	3072.2970297	3186.84507042	2631.49134948	2553.46056782
alpha_rarefaction_20404_9.txt	20404	9	3670.16918429	2574.04044118	3316.13753582	2760.04268293	3046.52328767	3161.50857143	2881.63022508	2599.83713355	2803.38957055	3274.82432432	3195.87616099	3159.76898734	2776.29824561	3291.68390805	3027.38291139	2585.01941748	3109.25287356	2825.44736842	3331.1981982	3445.36118598	2870.07124011	3257.50445104	2888.475	3468.64829396	2761.62828947	3148.95625	3123.00269542	2644.10035842	2570.19241983
alpha_rarefaction_23803_0.txt	23803	0	3466.77836412	2747.95804196	3227.75311721	3073.225	3132.44011142	3386.08474576	2902.546875	2860.77142857	3081.0	3338.96969697	3294.22418879	3116.53185596	3117.71556886	3263.01685393	3011.53963415	2645.9202454	3195.05181347	2895.94407895	3190.6	3421.00238663	3219.17732558	3170.23846154	3214.25925926	3601.23514212	2907.96460177	3115.875	3102.31007752	2779.69306931	2587.37465565
alpha_rarefaction_23803_1.txt	23803	1	3817.78378378	2893.87632509	3364.88579387	3060.19469027	3226.70882353	3260.27247956	2997.15306122	3111.23574144	2900.346875	3582.76608187	3136.17977528	3247.35294118	3141.20882353	3315.95526316	3121.16981132	2684.56435644	3242.85123967	2919.02033898	3343.28846154	3505.49877751	3261.72159091	3309.91560102	3262.49132948	3541.94505495	3073.23232323	3355.00292398	3004.11392405	2831.58333333	2682.05982906
alpha_rarefaction_23803_2.txt	23803	2	3451.1875	2598.0	3190.01538462	3025.33618234	3136.67486339	3525.01857585	2921.88888889	2738.2119403	3119.16611296	3296.64540816	3322.767507	3214.62983425	3142.51768489	3321.51515152	2964.0	2689.14376997	3199.89812332	2795.67326733	3365.0971867	3508.73123487	3310.7638484	3185.14550265	3194.95238095	3528.18911917	2886.61946903	3181.33707865	3075.24010554	2797.6286645	2684.22478386
alpha_rarefaction_23803_3.txt	23803	3	3757.2	2684.875	3265.95833333	2991.40869565	3244.76	3291.75277778	2866.32615385	2855.37370242	2864.19526627	3451.04132231	3304.96209913	3162.89380531	2985.00892857	3151.09160305	3049.82608696	2726.05211726	3184.00269542	3020.14285714	3320.16876574	3512.08181818	3156.8220339	3340.28385417	3182.18256131	3521.28287841	2995.92523364	3152.5	3178.41176471	2799.13559322	2612.26224784
alpha_rarefaction_23803_4.txt	23803	4	3716.36363636	2698.45544554	3306.49291785	2957.89473684	3155.6503856	3547.49520767	2791.63467492	2755.77854671	2823.10031348	3357.20266667	3398.01818182	3157.01724138	3028.29268293	3266.0	3006.49565217	2833.22996516	3319.5369863	2919.11458333	3466.408	3652.21428571	3049.40112994	3348.1300813	2996.43958869	3695.00292398	2790.04424779	3151.84548105	3129.0026178	2732.41009464	2766.49371069
alpha_rarefaction_23803_5.txt	23803	5	3665.72285714	2704.80136986	3304.87969925	3114.89735099	3307.10526316	3325.44776119	2943.01935484	2706.88888889	2909.75304878	3266.45673077	3308.43034056	3251.98319328	3030.82018927	3456.0443787	2952.07692308	2736.90705128	3328.5389049	2974.57827476	3301.93103448	3497.25118483	3089.4047619	3334.67567568	3152.3761194	3728.47813411	2927.97297297	3011.41018767	3074.16377171	2819.29022082	2643.00289855
alpha_rarefaction_23803_6.txt	23803	6	3688.7357513	2805.53068592	3283.57938719	2964.27576602	3223.31372549	3177.38135593	2889.36942675	2905.77289377	3016.01851852	3258.02518892	3375.51367781	3200.72303207	3179.73566879	3244.75067024	2933.01671309	2744.92	3153.14175258	2902.37380192	3524.07520891	3654.14066496	3122.50402145	3210.65625	3289.71428571	3763.28571429	3041.58139535	3239.62616822	3192.66129032	2777.32740214	2580.66956522
alpha_rarefaction_23803_7.txt	23803	7	3549.16666667	2642.73566879	3277.95934959	3061.20178042	3161.26553672	3435.68589744	2956.33225806	2829.83389831	2808.6	3271.03731343	3323.33333333	3275.46849315	3158.38080495	3249.51724138	3016.10119048	2676.82679739	3189.26717557	2867.38372093	3481.04109589	3517.65316456	3071.14497041	3498.61971831	3125.3125	3398.66071429	2909.03539823	3218.05714286	3145.09473684	2778.67010309	2701.12857143
alpha_rarefaction_23803_8.txt	23803	8	3443.64231738	2806.30769231	3268.2775	2944.49002849	3085.00257069	3454.63963964	2922.22082019	2868.1886121	2902.88414634	3287.70422535	3278.60339943	3199.75229358	3020.22922636	3374.71698113	2973.73760933	2739.59485531	3307.38028169	2988.40363636	3397.84677419	3487.73123487	3161.55555556	3267.59102902	3245.62985075	3576.3071066	2897.56213018	3182.66055046	3113.11568123	2798.22653722	2563.975
alpha_rarefaction_23803_9.txt	23803	9	3573.21446384	2738.10169492	3280.7254902	3012.75	3128.21311475	3420.0	3076.50853242	2831.17	2927.09565217	3310.69897959	3161.5821727	3224.30635838	3064.2244898	3159.01522843	2976.27941176	2917.76868327	3218.53299492	2845.83641975	3375.56657224	3524.08716707	3065.27747253	3367.16666667	3301.42134831	3638.89645777	2906.87267081	3196.95918367	3119.6372796	2863.89090909	2667.08
alpha_rarefaction_27202_0.txt	27202	0	3921.78830084	2779.31730769	3377.16489362	3059.15966387	3333.02445652	3399.05785124	3030.16666667	2948.20677966	3114.07407407	3334.40995261	3472.34659091	3441.87965616	3126.56779661	3479.03166227	3084.85714286	2698.7208589	3265.71875	2958.29022082	3325.04909561	3614.51824818	3098.04098361	3455.01530612	3242.82681564	3782.12600536	3109.33333333	3050.35233161	3145.84615385	2886.67241379	2553.80049261
alpha_rarefaction_27202_1.txt	27202	1	3814.20204604	2908.79738562	3355.83631714	3218.95426829	3180.14248705	3432.65853659	2969.07374631	2923.10544218	3001.92282958	3406.44705882	3346.96531792	3431.1637931	3073.56167979	3364.50636132	3017.21727019	2827.40584416	3246.23333333	2916.40063091	3395.64705882	3746.13301663	3092.04087193	3302.03217822	3305.75824176	3563.125	3061.38629283	3300.27134146	3330.83606557	2904.05263158	2746.02873563
alpha_rarefaction_27202_2.txt	27202	2	3830.00255754	2919.32441472	3459.78734177	3006.39325843	3326.1972973	3332.58549223	3049.91743119	3011.73089701	2866.79487179	3386.82201405	3327.33429395	3339.4197861	3043.63953488	3373.5974026	3107.28443114	2783.20754717	3191.87313433	3052.95522388	3522.02710027	3615.37745098	3214.71104816	3570.44380403	3235.57514451	3715.6	3050.5	3278.15669516	3166.22169811	2810.69791667	2741.37883008
alpha_rarefaction_27202_3.txt	27202	3	3916.96491228	2924.90322581	3521.52040816	2896.95514512	3394.16348774	3337.57978723	3051.1875	2990.78424658	3009.44776119	3412.00240964	3434.39481268	3364.49401198	3185.51895044	3365.40583554	3148.00292398	2850.90353698	3241.07197943	3031.76086957	3473.15206186	3719.49635036	3281.66574586	3584.35789474	3411.97074468	3716.02597403	3184.53293413	3350.0758427	3209.20782396	2763.47588424	2758.6893733
alpha_rarefaction_27202_4.txt	27202	4	3743.98947368	2886.51948052	3321.99266504	3102.19488818	3287.01452785	3600.43731778	3069.91343284	2940.71174377	3094.0397351	3371.99305556	3209.34517766	3215.34871795	3286.77521614	3290.06965174	3049.10169492	2794.01857585	3324.50558659	3095.46774194	3411.29133858	3771.72093023	3348.216	3469.79564033	3311.58823529	3782.60358056	2951.26300578	3354.50591716	3213.4025	2907.07958478	2777.1025641
alpha_rarefaction_27202_5.txt	27202	5	3780.57253886	2842.19713262	3304.66923077	3105.78370787	3558.38746439	3297.27272727	3219.78246753	2967.79617834	2987.56923077	3306.55244755	3310.72357724	3331.53521127	3062.20207254	3296.75265957	3030.32876712	2785.28980892	3283.29503916	2970.53846154	3549.25336927	3835.07161125	3208.14248705	3400.09090909	3279.75931232	3836.008	3163.63225806	3365.19034091	3226.03875969	2875.80952381	2700.06179775
alpha_rarefaction_27202_6.txt	27202	6	3825.24074074	2918.56338028	3369.98186528	3312.37267081	3365.09893048	3300.00273973	3158.39805825	3040.03174603	3047.3853211	3344.57446809	3314.70725389	3210.41176471	3073.05524862	3459.55927835	3071.01630435	2779.15081967	3259.05329949	2890.20118343	3406.72979798	3965.5388601	3222.98128342	3443.81102362	3069.07594937	3672.38743455	2880.31728045	3187.77120823	3243.17414248	2921.69349845	2685.33787466
alpha_rarefaction_27202_7.txt	27202	7	3765.64397906	2771.54785479	3441.72493573	3112.42215569	3232.84677419	3541.19161677	3072.80122324	2888.55481728	3108.91097923	3179.30630631	3256.15041783	3347.0	3256.35928144	3246.31168831	3137.41689373	2692.37804878	3409.16666667	2845.00862069	3487.77688172	3683.52392344	3255.22375691	3423.1625	3348.21791045	3886.78181818	3204.33333333	3251.22739726	3163.4278607	2842.91808874	2655.04557641
alpha_rarefaction_27202_8.txt	27202	8	3918.9083558	2837.8361204	3329.5859375	3127.05084746	3346.90348525	3463.39285714	3046.08888889	2909.2829582	3153.79310345	3428.08695652	3363.84677419	3353.63202247	3144.85087719	3243.0	3150.50294118	2789.00940439	3360.70338983	3056.25	3467.1972973	3703.06164384	3279.51724138	3330.95431472	3372.11111111	3713.11111111	3134.94249201	3309.78873239	3211.8125	2816.04154303	2683.4375
alpha_rarefaction_27202_9.txt	27202	9	3890.008	2952.35	3477.63407821	3139.36416185	3188.07216495	3430.42541436	3158.25328947	2999.54180602	2999.92592593	3274.78886311	3298.55068493	3409.94428152	3088.61307902	3269.07070707	3082.1519337	2725.6097561	3412.82608696	3066.67375887	3547.24164524	3657.90464548	3161.36756757	3353.85969388	3465.58469945	3891.73015873	3046.35632184	3216.80222841	3288.65714286	2815.94370861	2708.21848739
alpha_rarefaction_30601_0.txt	30601	0	4162.12362637	2829.72413793	3520.96923077	3133.62049861	3382.53191489	3534.32352941	3158.16716418	2928.125	3293.88955224	3430.49643705	3650.64705882	3538.13192612	3273.91922006	3566.09278351	3137.00835655	2795.20820189	3346.02518892	2938.00847458	3567.00775194	3831.82850242	3250.05497382	3748.67647059	3559.99186992	3772.16097561	3283.36792453	3326.99453552	3224.80689655	2976.93416928	2661.01470588
alpha_rarefaction_30601_1.txt	30601	1	4125.20375335	2907.73667712	3593.32338308	3195.71714286	3404.86180905	3715.5	3101.48732394	3062.49180328	3268.88	3474.46017699	3574.4375	3362.30706522	3429.0443787	3409.96183206	3285.14285714	2880.03067485	3331.00252525	3101.7005988	3729.93261456	3746.94312796	3310.34782609	3439.34466019	3528.64864865	3794.27272727	3254.86486486	3339.35	3267.7535545	3018.18589744	2744.05426357
alpha_rarefaction_30601_2.txt	30601	2	3860.05528846	2830.94637224	3584.71313673	3118.45967742	3386.09022556	3674.96721311	3176.0625	3072.38244514	3164.05732484	3499.28103044	3281.79575597	3330.05276382	3367.79661017	3553.81653747	3259.736	2769.97701149	3362.01496259	3108.0625	3507.30833333	3874.50980392	3369.89473684	3704.98885794	3462.6739726	3833.36363636	3012.00874636	3390.50139276	3251.84635417	2869.22468354	2728.50257732
alpha_rarefaction_30601_3.txt	30601	3	4082.80851064	3037.12162162	3471.09848485	3277.96581197	3402.65671642	3732.40243902	3047.18844985	3080.43642612	3301.27327327	3550.06097561	3497.72222222	3470.98843931	3205.48101266	3812.89645777	3084.84473684	2763.38461538	3458.47905759	3068.8	3609.51908397	3822.63875598	3322.20936639	3541.58173077	3367.0	3914.98826291	3086.60869565	3330.97275204	3222.13580247	3066.76041667	2745.26546392
alpha_rarefaction_30601_4.txt	30601	4	3900.64030612	2911.06818182	3478.1025641	3214.94134078	3192.98426966	3605.59322034	3105.46260388	3056.40322581	2959.35890411	3396.18181818	3528.55525606	3452.38031915	3366.80926431	3495.41952507	3166.00806452	2867.37735849	3364.46858639	3092.81325301	3604.75815217	3816.11627907	3323.09160305	3448.63480392	3341.225	3828.2319202	3097.28739003	3450.00857143	3356.05357143	3044.48684211	2773.30188679
alpha_rarefaction_30601_5.txt	30601	5	3928.85106383	2982.26557377	3597.31343284	2986.41917808	3255.44067797	3643.58213256	3258.43125	3117.61612903	3190.24489796	3445.48505747	3490.66846361	3455.05769231	3311.21883657	3362.13959391	3131.73333333	2919.08143322	3369.38442211	3058.41420118	3660.10526316	3837.22222222	3323.3933162	3443.35714286	3410.01977401	3837.00231481	3006.475	3452.00566572	3240.22469136	3055.830721	2756.606469
alpha_rarefaction_30601_6.txt	30601	6	3850.17317073	3066.09235669	3326.15789474	3160.49577465	3318.86756757	3428.50632911	3138.1559633	3110.27355623	3156.1971831	3424.33497537	3456.48066298	3427.22222222	3284.216	3349.41404358	3229.36	2838.32012195	3451.13189448	3048.75562701	3526.20779221	3819.53301887	3355.82880435	3607.24933687	3504.04545455	4006.71621622	3229.60909091	3367.20634921	3399.30526316	3038.25165563	2777.19565217
alpha_rarefaction_30601_7.txt	30601	7	3912.90697674	2847.05084746	3446.10379747	3074.07608696	3487.9093199	3616.21529745	3077.21606648	3063.0152439	2994.96961326	3481.02457002	3300.39130435	3283.57462687	3345.59836066	3549.28644501	3065.74093264	2874.56578947	3343.59536082	2968.55718475	3462.16834171	3895.9060241	3352.63685637	3605.24	3314.18925831	3958.5	3191.62804878	3307.96848138	3238.54066986	2907.6635514	2782.1530343
alpha_rarefaction_30601_8.txt	30601	8	4123.11518325	2801.94630872	3580.76485149	3088.63461538	3297.05384615	3634.55437666	3209.72699387	3149.00322581	3275.61280488	3431.02620087	3442.23577236	3446.8365651	3358.65	3659.64550265	3244.08211144	2763.19620253	3509.72649573	3277.40549828	3657.98186528	3894.57178218	3312.99212598	3357.86240786	3434.57777778	3748.0625	3281.10509554	3501.05740181	3299.17098446	2940.75516224	2649.35251799
alpha_rarefaction_30601_9.txt	30601	9	3844.05316456	2953.64423077	3449.9443038	3201.18478261	3523.10220994	3611.056	3161.52124646	3085.91071429	3184.11182109	3389.1745283	3460.04485488	3495.00824176	3202.02597403	3475.32198953	3145.15449438	2800.52941176	3354.14030612	3129.71339564	3477.03092784	3921.46683673	3279.11335013	3673.80779221	3581.46478873	3698.83453237	3353.00662252	3360.71649485	3222.21911422	2849.15714286	2786.82620321
alpha_rarefaction_34000_0.txt	34000	0	4001.69406393	3037.16612378	3434.69605568	3271.40159574	3490.62140992	3638.65984655	3322.3343949	3171.97904192	3384.23417722	3582.53596288	3790.49557522	3696.57746479	3380.22413793	3611.35013263	3249.07713499	2878.06764706	3480.88860759	3121.58739255	3743.49875931	3962.79262673	3408.13874346	3597.89411765	3466.03350515	3843.27272727	3081.33802817	3504.16	3297.2955665	3067.12427746	2759.72361809
alpha_rarefaction_34000_1.txt	34000	1	4180.34231806	2973.46357616	3737.37275064	3211.1852861	3472.79462103	3510.14814815	3181.43859649	3242.50825083	3218.38904899	3399.54859611	3505.29411765	3639.33139535	3321.51724138	3630.936	3202.14775726	2895.39502762	3474.3	3076.96407186	3752.36138614	3993.26056338	3293.39552239	3738.1260274	3502.21867322	3865.80051813	3185.63501484	3707.42627346	3361.14039409	2969.97196262	2759.72361809
alpha_rarefaction_34000_2.txt	34000	2	4146.10526316	3103.57755776	3576.76341463	3263.36	3418.4609375	3683.48076923	3298.65395894	3211.94043887	3192.04411765	3422.07758621	3729.61538462	3489.7575	3325.51269036	3411.00767263	3179.00280112	2894.04776119	3502.75	3217.38244514	3575.74875622	3939.45581395	3396.51595745	3523.06490385	3450.96325459	3823.34712644	3270.42686567	3324.43734015	3356.77832512	3045.65830721	2759.72361809
alpha_rarefaction_34000_3.txt	34000	3	4160.78092784	3063.85294118	3411.52914798	3248.98659517	3435.46997389	3523.72303922	3313.84782609	3202.47	3245.51807229	3522.51981352	3727.21529745	3593.12605042	3403.11538462	3490.12941176	3247.35978836	2914.08536585	3391.01526718	3276.26099707	3636.70422535	3911.06896552	3453.23592493	3594.21212121	3402.47619048	3987.86829268	3231.41176471	3449.87967914	3335.0259434	3020.20900322	2759.72361809
alpha_rarefaction_34000_4.txt	34000	4	4062.42195122	2952.234375	3480.07142857	3302.45277778	3472.67460317	3814.04143646	3195.47546012	3133.04411765	3293.80267559	3400.43829787	3582.05426357	3455.38154613	3394.98469388	3570.21271394	3199.02747253	2990.58103976	3530.69945355	3028.30172414	3755.72285714	3996.8591224	3375.69754768	3619.37731481	3519.82133995	3898.18807339	3170.6	3442.375	3261.35251799	3013.86392405	2762.79596977
alpha_rarefaction_34000_5.txt	34000	5	3972.98372093	3013.89423077	3622.44871795	3283.12868633	3444.0201005	3517.62176166	3195.05714286	3020.4537037	3231.94736842	3501.125	3589.78666667	3741.02083333	3313.41752577	3540.15942029	3201.32171582	2889.63247863	3544.92741935	3130.83333333	3814.93085106	3886.23933649	3367.09230769	3732.57070707	3547.56777494	3875.8705036	3378.03927492	3573.25882353	3347.46172249	3014.96407186	2759.72361809
alpha_rarefaction_34000_6.txt	34000	6	4200.25362319	2977.9502924	3729.2556962	3167.14211886	3508.44444444	3798.9507772	3267.5982659	3110.6514658	3145.55489614	3416.18025751	3614.21372032	3796.74193548	3235.05185185	3436.03571429	3278.03592814	2913.08510638	3439.00246305	3201.77643505	3767.66323907	3903.3630137	3380.72062663	3587.76415094	3566.78294574	3890.18313253	3246.69387755	3551.606469	3327.59016393	3024.95882353	2759.72361809
alpha_rarefaction_34000_7.txt	34000	7	4137.09952607	3100.62199313	3478.2905569	3176.07272727	3483.62779156	3583.96610169	3337.06213018	3088.02898551	3384.88925081	3536.02836879	3649.31521739	3676.56140351	3361.33333333	3674.11363636	3211.05817175	2950.87619048	3385.1453202	3072.13813814	3771.208	3942.4941452	3329.26515152	3440.13095238	3464.93229167	4079.6641791	3216.00292398	3458.16621253	3271.03623188	3036.76973684	2759.72361809
alpha_rarefaction_34000_8.txt	34000	8	4259.79949239	3120.67	3477.62009804	3166.02631579	3590.91560102	3810.0	3194.93201133	3205.16964286	3186.15406977	3451.48364486	3657.78225806	3489.98473282	3304.3	3505.25735294	3234.05769231	2924.3125	3493.03623188	3215.53846154	3631.15594059	3956.39380531	3452.05614973	3413.15671642	3592.14209115	3714.83653846	3124.00840336	3359.36387435	3329.00705882	3095.11960133	2759.72361809
alpha_rarefaction_34000_9.txt	34000	9	4025.31617647	2903.8137931	3864.24594595	3205.40285714	3435.38442211	3811.78370787	3271.7	3177.27272727	3263.4054878	3568.30769231	3559.78393352	3516.99473684	3294.46354167	3566.00229885	3163.04237288	2929.3539823	3417.015	3306.13915858	3703.90551181	3978.76119403	3416.63297872	3589.33253012	3378.3443038	3846.31707317	3153.27405248	3410.68486352	3370.98780488	2982.47076923	2762.79596977